E = 0.79117314892829937456; THETA = 0.79696478398253256525
Radial V = 0.04455693682836380648; Transversal V = 7.7151999796721533187; V = 7.7153286415390445185
AGECS = [3849.0903765227249096; 5274.7632889889946455; 1647.4166997142726814]
GCS = [3849.0903765227249096; 5274.7632889889946455; 1647.4166997142726814]
D = 6529.8257619561218235; R = 6734.4343685274207019; C = 0.24713379505455532192; P = 0.0031910052937417234496
L = 0.94040247782005570443; B = 0.24865642502114559953; H = 357.59223829299025965
Density = 1.78494e-12; Vector a = {-4.90888e-12; -8.49991e-10; 0}; a = 8.50005e-10
Density = 3.16898e-12; Vector a = {-8.71524e-12; -1.50908e-09; 0}; a = 1.5091e-09
Density = 4.84033e-12; Vector a = {-1.33117e-11; -2.30498e-09; 0}; a = 2.30501e-09
Density = 6.78838e-12; Vector a = {-1.86692e-11; -3.23264e-09; 0}; a = 3.2327e-09
Density = 9.05018e-12; Vector a = {-2.48896e-11; -4.30972e-09; 0}; a = 4.30979e-09
Density = 1.15107e-11; Vector a = {-3.16563e-11; -5.48141e-09; 0}; a = 5.4815e-09
Density = 1.69806e-11; Vector a = {-4.66995e-11; -8.08619e-09; 0}; a = 8.08633e-09
