E = 1.2551161595083497602; THETA = 1.2628450855551038856
Radial V = 0.059365997564885385207; Transversal V = 7.6905445911778409496; V = 7.690773721190971024
AGECS = [966.12818222883561248; 6313.6114171056269697; 2201.9933361442294881]
GCS = [1153.4684333697171041; 6282.0859086710142947; 2201.9933361442294881]
D = 6387.10363080976731; R = 6756.0245294941687462; C = 0.33199563246856311771; P = 0.0031808078295914878585
L = 1.3892066411704548923; B = 0.3339664261859138783; H = 380.18484719607567968
Density = 1.02182e-12; Vector a = {-3.73225e-12; -4.83492e-10; 0}; a = 4.83507e-10
Density = 1.91149e-12; Vector a = {-6.98184e-12; -9.04459e-10; 0}; a = 9.04486e-10
Density = 3.03064e-12; Vector a = {-1.10696e-11; -1.43401e-09; 0}; a = 1.43405e-09
Density = 4.37102e-12; Vector a = {-1.59654e-11; -2.06823e-09; 0}; a = 2.0683e-09
Density = 5.96463e-12; Vector a = {-2.17862e-11; -2.82228e-09; 0}; a = 2.82237e-09
Density = 7.71402e-12; Vector a = {-2.8176e-11; -3.65004e-09; 0}; a = 3.65015e-09
Density = 1.16673e-11; Vector a = {-4.26154e-11; -5.52059e-09; 0}; a = 5.52076e-09
