E = 3.9212816609528950984; THETA = -2.367596373302461199
Radial V = -0.043545271074215324836; Transversal V = 7.6271122843094953936; V = 7.6272365892305806767
AGECS = [-4020.5603875531005542; -5252.5204270803551481; -1628.6065737485073441]
GCS = [-4993.7593612779219256; -4337.7694854045257671; -1628.6065737485073441]
D = 6614.6713196392101963; R = 6812.2122720093193493; C = -0.24140962558737460997; P = 0.0031545722391279297156
L = 2.4263771987719349177; B = -0.24288273675418431408; H = 435.31198450786723697
Density = 2.81573e-13; Vector a = {7.4815e-13; -1.31041e-10; 0}; a = 1.31043e-10
Density = 5.99984e-13; Vector a = {1.59418e-12; -2.79227e-10; 0}; a = 2.79231e-10
Density = 1.04275e-12; Vector a = {2.77063e-12; -4.85287e-10; 0}; a = 4.85294e-10
Density = 1.6099e-12; Vector a = {4.27756e-12; -7.4923e-10; 0}; a = 7.49242e-10
Density = 2.32788e-12; Vector a = {6.18528e-12; -1.08337e-09; 0}; a = 1.08339e-09
Density = 3.17111e-12; Vector a = {8.42576e-12; -1.4758e-09; 0}; a = 1.47583e-09
Density = 5.04354e-12; Vector a = {1.34009e-11; -2.34722e-09; 0}; a = 2.34725e-09
